{'NP1_depth_K': [[578.8156126528634, 0.0, 318.36249476767296], [0.0, 578.9066088076646, 235.40623123835294], [0.0, 0.0, 0.5]], 'N5_rgb_camera_transform': [[0.997930719548435, -0.007659258663921229, -0.06384054149411564, 3.9245979265045308], [0.007042136389735217, 0.9999263345415453, -0.009886040935473916, -4.826926210147508], [0.0639115583960454, 0.009416010143826658, 0.9979111440686291, -1.5174779127461506], [0.0, 0.0, 0.0, 1.0]], 'NP1_ir_camera_transform': [[0.9980649633067018, -0.036863080366106096, -0.05007436794922734, 4.939167458965746], [0.05404134245144264, 0.11593544779877338, 0.991785513732553, -44.40776115102201], [-0.03075487482722871, -0.9925724584379824, 0.11770323880310854, 45.04568806250235], [0.0, 0.0, 0.0, 1.0]], 'NP4_ir_from_rgb': [[0.9999213096803544, -0.01196427036047815, -0.0037723576004663945, 1.0203549346531129], [0.011983921815428455, 0.999914510168135, 0.00523048498135648, 0.003555712964425148], [0.0037094561658160188, -0.0052752810313652304, 0.9999792054562905, 0.14278569276456846], [0.0, 0.0, 0.0, 1.0]], 'NP5_rgb_tvecs': [[-5.156845788101182, 4.740351946195208, 48.916034590079676], [1.1485555175552142, -6.104032338662256, 48.50439718246736], [-8.798311431646534, -1.0181044786032205, 49.115588234833474], [0.0427547569393553, 5.424331815568963, 48.59121419462334], [-7.404216309181833, 8.826799573112705, 49.03716082717238], [-0.45872279561251145, 7.024189193752754, 48.6253476403463], [0.6658041221035775, -0.012188918245015617, 48.51807570563972], [-4.474362595550335, 5.094527734103787, 48.876250002914624], [-7.588965822116347, 0.11086757618285853, 49.03369984699424], [0.8138736448471983, 3.5470949334545447, 48.513840765284655], [-6.714014634443146, 9.179349338644311, 51.39986492193713], [1.4489761823372223, 3.659916873006309, 50.859257471994304], [-6.158745406503894, -4.507012223317247, 51.28521409964626], [0.19768464950774023, -2.396420659151502, 50.88739939862278], [-3.454606506241695, 7.357284989159675, 51.197512913518956], [-3.6125697414521447, -1.5858755332127665, 51.15984403179509], [-3.6531170721716837, 5.562106375793098, 51.202647728470254], [-0.08724288474702724, 2.0871687795390224, 50.946372761573635], [-8.044690984028303, -0.4668381403175307, 51.47559450303597], [-2.196978312916919, 6.631807630687468, 51.12080431866472], [-3.204242389881352, 5.297359512834612, 46.434970714917206], [-0.5689396226339456, -5.596487890158616, 46.54693415394504], [0.9446178699907382, 4.755588762700411, 46.47819419059231], [-7.443158013170398, 6.197231989665018, 46.99590634343898], [-0.4909915634086205, -4.39975350572601, 46.59997207304431], [3.903648808699448, -0.16275548599795, 46.30764791223408]], 'NP5_rgb_rvecs': [[-2.637135376353319, -0.998302697939015, -0.6724520774651855], [-1.390994501952176, -2.168395229864379, -0.33933378505924106], [-2.377619861313528, -1.382068009125038, -0.6004267447870965], [-1.7052803084904795, -1.9813179196776285, -0.4229464988402994], [-2.5500217732764137, -1.1337146093297104, -0.6527008483123731], [-1.7839309520211208, -1.9267085860104738, -0.4444690871893311], [-0.5952440018149184, -2.4452612546841035, -0.1396095815452936], [-2.757172928413677, -0.778506619664098, -0.7055917170441678], [-0.9736173413081642, -2.345304807007105, -0.23304510611006055], [-2.781531581744556, -0.7311627711591757, -0.7114561256902732], [-2.924558505394687, -0.8428421092804858, -0.2546100855905178], [-1.514081269411125, -2.4566895408799443, -0.13530731684576314], [-1.5925687327475975, -2.4027604187261042, -0.14142723838521665], [-2.490792458126379, -1.6053287603851123, -0.22150378576984217], [-1.5891232180875694, -2.4089536740302093, -0.1383108642643146], [-0.8773243725998555, -2.7167521317875063, -0.07678833962010954], [-1.8653148196611251, -2.2269654341828744, -0.16241454830805574], [-1.4681661887584372, -2.479748584652256, -0.13224056450861094], [-2.0194301279744304, -2.110090796188948, -0.16976238203006364], [-1.6965913155976025, -2.3426003675706997, -0.14651089430703518], [-2.1960586808264138, -1.0384754876500997, -1.2085825980949219], [-1.132930588987098, -1.882273835210249, -0.5943162259765118], [-1.0150271540412972, -1.9172859209552109, -0.5371769041638642], [-1.5673845467855658, -1.6506981336061817, -0.8072732902513814], [-1.2227519393437427, -1.8387103374005536, -0.6340262368601156], [-0.929881475383255, -1.9498017565543824, -0.4961553973201381]], 'NP4_ir_K': [[1153.5254325448293, 0.0, 643.9660879330733], [0.0, 1155.280104637431, 517.3161033821004], [0.0, 0.0, 2.0]], 'board_points_3d_refined': [[0.015266151167452335, 0.009823336265981197, -0.0004465677193365991], [0.7569881677627563, 0.011230644769966602, 0.00022169522708281875], [1.4999221563339233, 0.009935448877513409, -0.00019018353486899287], [2.2417492866516113, 0.01127559132874012, 0.00013406523794401437], [2.983886957168579, 0.009226536378264427, -0.00025058467872440815], [3.7251126766204834, 0.010722825303673744, -0.00010235783702228218], [4.46723747253418, 0.008464518934488297, -2.95123227260774e-05], [5.2082200050354, 0.009638610295951366, -0.0003596335882321], [0.015250878408551216, 0.7548294067382812, -0.00013337770360521972], [0.7583319544792175, 0.7536842226982117, 2.443701305310242e-06], [1.5000042915344238, 0.755254864692688, -1.2808155588572845e-05], [2.243328332901001, 0.7534850239753723, -0.00013737488188780844], [2.9840564727783203, 0.7551601529121399, -0.00013210441102273762], [3.72624135017395, 0.7525691390037537, 2.6901939236267935e-06], [4.467308044433594, 0.7541388869285583, 3.2303669286193326e-05], [5.209148406982422, 0.7516070008277893, -7.40165778552182e-05], [0.015639910474419594, 1.497270107269287, -0.00021270826982799917], [0.7579987049102783, 1.4991737604141235, 8.932887431001291e-05], [1.5005840063095093, 1.4979397058486938, 0.00010275610839016736], [2.2431046962738037, 1.4991196393966675, 0.0003497017314657569], [2.9848270416259766, 1.49705970287323, 0.00010918139014393091], [3.7259180545806885, 1.4990100860595703, 3.682543319882825e-05], [4.4678521156311035, 1.4966439008712769, -0.00033219161559827626], [5.209169387817383, 1.4980350732803345, -0.00017109641339629889], [0.015038602985441685, 2.2431154251098633, 0.00014707923401147127], [0.7577165961265564, 2.2420105934143066, 0.00010697038669604808], [1.499746561050415, 2.243159055709839, 0.0002246582298539579], [2.2437024116516113, 2.241779327392578, 0.00011756527965189889], [2.9843668937683105, 2.2436881065368652, 1.768970105331391e-05], [3.7264063358306885, 2.2412805557250977, -3.9684509829385206e-05], [4.467628479003906, 2.243321180343628, 0.00013280188431963325], [5.209892272949219, 2.2402679920196533, -0.0001958740467671305], [0.015620728023350239, 2.9855422973632812, -0.000234822160564363], [0.7573425769805908, 2.987398862838745, -1.0776617273222655e-05], [1.5000321865081787, 2.9856295585632324, 0.00011629021901171654], [2.2427525520324707, 2.9875330924987793, -9.439577115699649e-05], [2.9845125675201416, 2.985792636871338, 0.0003450161893852055], [3.72642183303833, 2.9876410961151123, 0.00013427795784082264], [4.468448638916016, 2.9852824211120605, 0.0002642777399159968], [5.20988130569458, 2.98684024810791, 0.00026749935932457447], [0.015176411718130112, 3.7311127185821533, 0.00016675033839419484], [0.7577542662620544, 3.7297496795654297, 0.00020482622494455427], [1.499730110168457, 3.7310667037963867, 0.00021390733309090137], [2.2432138919830322, 3.7296652793884277, 0.0002767716068774462], [2.9841487407684326, 3.731184720993042, 6.035332626197487e-05], [3.726375102996826, 3.729240894317627, 0.00019279234402347356], [4.467769145965576, 3.731168746948242, 0.00019002979388460517], [5.210180759429932, 3.7287955284118652, 0.00013887188106309623], [0.015563201159238815, 4.473941326141357, -4.900465501123108e-05], [0.7569705843925476, 4.474794387817383, 5.671722101396881e-05], [1.4996576309204102, 4.4731035232543945, 0.00022100919159129262], [2.24235200881958, 4.474556922912598, 0.00016667559975758195], [2.984707832336426, 4.4735260009765625, 3.3980602893279865e-05], [3.7260661125183105, 4.474977970123291, 0.00021784155978821218], [4.468355655670166, 4.473011493682861, 0.0002248902019346133], [5.209414482116699, 4.475273609161377, -2.6977708330377936e-05], [0.014498043805360794, 5.218921661376953, -0.00019426344078965485], [0.7571961879730225, 5.216884136199951, 8.767609688220546e-05], [1.4991110563278198, 5.21842098236084, 2.0669438526965678e-05], [2.2420706748962402, 5.216890335083008, 3.479272345430218e-05], [2.9835612773895264, 5.218354225158691, -0.0001794359995983541], [3.72599196434021, 5.216472625732422, 0.00017134878726210445], [4.467218399047852, 5.218660354614258, 8.262194023700431e-05], [5.209774971008301, 5.217594146728516, -0.0002842525136657059], [0.01476952526718378, 5.961216449737549, -0.0002934665826614946], [0.7562540769577026, 5.961370944976807, -0.0002326541143702343], [1.4987187385559082, 5.960226535797119, -0.00016093764861579984], [2.2409441471099854, 5.96171236038208, -0.0001848504616646096], [2.9838972091674805, 5.959714412689209, -0.0003438316925894469], [3.724621534347534, 5.961293697357178, -0.0002464142453391105], [4.466839790344238, 5.960283279418945, -5.229268208495341e-05], [5.208444595336914, 5.963235378265381, -0.00031342715374194086]], 'NP4_ir_distortion': [[0.0, 0.0, 0.0, 0.0, 0.0]], 'NP3_rgb_K': [[1074.5288055123904, 0.0, 637.9340756704329], [0.0, 1075.7906122641346, 509.4741738445652], [0.0, 0.0, 1.0]], 'N5_rgb_distortion': [[-0.05833622814919476, -0.3533885077709291, 0.004072053753189602, 0.0025416408169203985, 4.409017045174122]], 'NP5_rgb_camera_transform': [[0.9999999999999999, 0.0, 0.0, 0.0], [0.0, 1.0, 0.0, 0.0], [0.0, 0.0, 1.0, 0.0], [0.0, 0.0, 0.0, 1.0]], 'NP2_depth_K': [[576.0638813113148, 0.0, 314.65385731101577], [0.0, 576.1430098569572, 242.09272453840526], [0.0, 0.0, 0.5]], 'NP2_rgb_distortion': [[0.0, 0.0, 0.0, 0.0, 0.0]], 'NP4_rgb_distortion': [[0.0, 0.0, 0.0, 0.0, 0.0]], 'NP2_ir_K': [[1152.1277626226297, 0.0, 639.3077146220315], [0.0, 1152.2860197139144, 516.1854490768105], [0.0, 0.0, 2.0]], 'N1_rgb_distortion': [[0.06454412846089264, 0.3131832172490836, -0.002103300228529528, -0.0001194981095501003, -2.2342172214958556]], 'NP1_ir_K': [[1157.6312253057267, 0.0, 646.7249895353459], [0.0, 1157.8132176153292, 502.8124624767059], [0.0, 0.0, 2.0]], 'NP2_ir_distortion': [[0.0, 0.0, 0.0, 0.0, 0.0]], 'N2_rgb_distortion': [[0.06867536907775362, 0.3767000024513382, 0.006661046851509272, 0.0013447646564751928, -2.339789126660296]], 'NP2_ir_from_rgb': [[0.9999642618556515, 0.006501850283711616, -0.005403790740811723, 1.0241407481932383], [-0.006446832122261719, 0.9999278350752555, 0.010137208555598298, 0.012629159919296883], [0.005469311388982877, -0.01010200893884578, 0.9999340158472106, 0.05061951857870835], [0.0, 0.0, 0.0, 1.0]], 'NP2_rgb_camera_transform': [[0.9981030760441164, 0.013709160190919127, -0.0600192345680296, 0.8276997222340219], [0.04664251275451538, 0.4679309486619225, 0.8825333440093345, -40.38557160400087], [0.04018364835623202, -0.8836586932810729, 0.4664038895566479, 28.798635820044467], [0.0, 0.0, 0.0, 1.0]], 'N5_rgb_K': [[5797.043798875406, 0.0, 2144.1047831038213], [0.0, 5797.509579848015, 1538.976681679377], [0.0, 0.0, 1.0]], 'N2_rgb_camera_transform': [[0.9977341268055719, -0.004795052461708166, -0.06710901339918654, 4.362387997070712], [0.061807178358282214, 0.45938112343158033, 0.8860862577300963, -44.60855382679511], [0.02657978387628882, -0.8882263173913665, 0.4586365927207086, 28.035850819895025], [0.0, 0.0, 0.0, 1.0]], 'N1_rgb_K': [[10248.65225788605, 0.0, 2179.001493146919], [0.0, 10246.48294693198, 1493.2175582019786], [0.0, 0.0, 1.0]], 'NP3_depth_distortion': [[0.0, 0.0, 0.0, 0.0, 0.0]], 'N4_rgb_K': [[10222.58468710724, 0.0, 2116.9054503832285], [0.0, 10221.40993492154, 1474.9154579900605], [0.0, 0.0, 1.0]], 'NP4_rgb_camera_transform': [[0.9994437764017895, 0.009733154581748319, -0.03189676337213226, 1.5988819841738122], [0.000869861126042529, 0.9485271027767108, 0.31669477204343044, -17.288973209090553], [0.03333738372085318, -0.3165463646922939, 0.9479910431257997, 2.589967788345511], [0.0, 0.0, 0.0, 1.0]], 'NP3_rgb_distortion': [[0.0, 0.0, 0.0, 0.0, 0.0]], 'NP3_rgb_camera_transform': [[0.9999327552231625, -0.005895958223981261, -0.009986125797117313, 0.3283844171857704], [0.010915103689858993, 0.7693771154607714, 0.6387015850275483, -30.851432000201562], [0.003917338797501474, -0.6387676352805327, 0.7693897338637041, 14.32529976931034], [0.0, 0.0, 0.0, 1.0]], 'NP5_ir_distortion': [[0.0, 0.0, 0.0, 0.0, 0.0]], 'N4_rgb_camera_transform': [[0.9977217279862853, -0.016841827648919658, -0.06532768437274407, 4.348482603410827], [0.03860214882049631, 0.9366715439880664, 0.3480751252092742, -21.367118273701713], [0.055328361718932545, -0.34980390438709474, 0.9351876821606683, 3.2282499119376857], [0.0, 0.0, 0.0, 1.0]], 'N3_rgb_distortion': [[0.06365206751265959, 0.5870709962191349, 0.0020843656168497066, 0.0019061582885266616, -5.26907878527727]], 'NP5_depth_distortion': [[0.0, 0.0, 0.0, 0.0, 0.0]], 'NP3_depth_K': [[574.093471680598, 0.0, 312.59615724491283], [0.0, 574.6373873808794, 247.62079750998618], [0.0, 0.0, 0.5]], 'NP5_ir_K': [[1150.0581924095004, 0.0, 636.7202286591473], [0.0, 1149.3729456086376, 514.0812199518307], [0.0, 0.0, 2.0]], 'NP3_ir_K': [[1148.186943361196, 0.0, 635.1923144898257], [0.0, 1149.2747747617589, 527.2415950199724], [0.0, 0.0, 2.0]], 'N4_rgb_distortion': [[0.07213207906922145, 0.22173768448148437, 0.00011850098914620167, 0.0030488724024447596, -0.8287304821581035]], 'NP1_rgb_camera_transform': [[0.9978980415289342, -0.03764942087369927, -0.052744855868538255, 4.053170112844808], [0.05679950563107056, 0.11630906947957856, 0.9915876242253432, -44.42965908961076], [-0.031197994691707337, -0.9924992299567138, 0.11820306113864641, 44.90130476741481], [0.0, 0.0, 0.0, 1.0]], 'NP1_depth_distortion': [[0.0, 0.0, 0.0, 0.0, 0.0]], 'NP1_ir_distortion': [[0.0, 0.0, 0.0, 0.0, 0.0]], 'NP5_depth_K': [[575.0290962047502, 0.0, 313.36011432957366], [0.0, 574.6864728043188, 241.04060997591534], [0.0, 0.0, 0.5]], 'N1_rgb_camera_transform': [[0.9967652384076962, 0.015566162074852775, -0.07884639560759131, 4.490403391565315], [0.07674140260151445, 0.10704718118612282, 0.9912878785332029, -48.39786918438765], [0.02387083217656334, -0.9941320815658075, 0.10550633996511082, 43.8022454162898], [0.0, 0.0, 0.0, 1.0]], 'NP5_ir_camera_transform': [[0.9998545869645847, 0.017036871664221756, -0.0007415725025237489, 1.0310016445963124], [-0.017030327936390536, 0.9998223137007434, 0.008081395700691395, 0.001300083359802784], [0.0008791224366706319, -0.008067591337505576, 0.9999670700146843, 0.03718291649301203], [0.0, 0.0, 0.0, 1.0]], 'NP4_depth_K': [[576.7627162724147, 0.0, 316.9830439665366], [0.0, 577.6400523187154, 242.65805169105022], [0.0, 0.0, 0.5]], 'N2_rgb_K': [[10234.78066111016, 0.0, 2149.509816903382], [0.0, 10236.214925508037, 1544.3658214474399], [0.0, 0.0, 1.0]], 'NP4_ir_camera_transform': [[0.9992289620650097, -0.00042191994041150885, -0.039259436496814126, 2.8161907673498097], [0.013021413521946364, 0.9469069637112743, 0.32124390245572904, -17.25123180040379], [0.037039494602032166, -0.32150742457781495, 0.9461823565153636, 2.829834798968001], [0.0, 0.0, 0.0, 1.0]], 'NP4_rgb_K': [[1073.8961744141095, 0.0, 628.5541036560478], [0.0, 1076.1196271010767, 513.5953598848834], [0.0, 0.0, 1.0]], 'NP3_ir_distortion': [[0.0, 0.0, 0.0, 0.0, 0.0]], 'NP5_rgb_distortion': [[0.0, 0.0, 0.0, 0.0, 0.0]], 'N3_rgb_camera_transform': [[0.998793001677453, -0.017407425157581587, -0.04592952590139044, 3.699869080422014], [0.043437721448147976, 0.7495459289787252, 0.660525597313846, -34.79404413506307], [0.022928239259402468, -0.661723417978239, 0.7493973671849005, 13.104379891001736], [0.0, 0.0, 0.0, 1.0]], 'NP1_ir_from_rgb': [[0.9999961111499995, 0.0027489623786205106, -0.0004699901262103854, 1.0292517395184568], [-0.002748736648795424, 0.9999961068912286, 0.00048025953625059907, 0.011301786521575909], [0.00047130851188482937, -0.00047896578950881464, 0.9999997742300041, 0.12120285213717243], [0.0, 0.0, 0.0, 1.0]], 'NP2_rgb_K': [[1079.5625096161411, 0.0, 643.3826393415117], [0.0, 1079.816718730717, 507.3908516864419], [0.0, 0.0, 1.0]], 'NP2_depth_distortion': [[0.0, 0.0, 0.0, 0.0, 0.0]], 'NP2_ir_camera_transform': [[0.9981535243001767, 0.02152619388707834, -0.05679933893869367, 1.4336081481914158], [0.04061189385303506, 0.458850967340181, 0.8875846234859244, -40.08342628607838], [0.04516875031264983, -0.8882524487710215, 0.45712949067794506, 29.259857437898585], [0.0, 0.0, 0.0, 1.0]], 'NP4_depth_distortion': [[0.0, 0.0, 0.0, 0.0, 0.0]], 'NP1_rgb_K': [[1081.9196109538914, 0.0, 633.8339769844903], [0.0, 1081.975273812412, 503.2769628634058], [0.0, 0.0, 1.0]], 'NP5_ir_from_rgb': [[0.9998545869645847, 0.017036871664221756, -0.0007415725025237489, 1.0310016445963124], [-0.017030327936390536, 0.9998223137007434, 0.008081395700691395, 0.001300083359802784], [0.0008791224366706319, -0.008067591337505576, 0.9999670700146843, 0.03718291649301203], [0.0, 0.0, 0.0, 1.0]], 'N3_rgb_K': [[10194.174064454104, 0.0, 2101.692031546713], [0.0, 10196.44746054316, 1481.2130694786388], [0.0, 0.0, 1.0]], 'NP5_rgb_K': [[1080.8424325743092, 0.0, 643.5857239467581], [0.0, 1080.3289099343317, 522.0526951231084], [0.0, 0.0, 1.0]], 'NP3_ir_camera_transform': [[0.9999036553382697, -0.0026285472146923014, -0.013629775519305233, 1.2843935652321106], [0.010770432099484195, 0.766338795154093, 0.6423463620463367, -30.767065003881356], [0.008756588008860493, -0.6424312739751336, 0.7662932730913993, 14.555474929795025], [0.0, 0.0, 0.0, 1.0]], 'NP3_ir_from_rgb': [[0.9999880234975975, 0.00018634877624393032, -0.004890617088047905, 1.0318217633849098], [-0.00016314525417880293, 0.9999887316401641, 0.004744467970366085, 0.01610699972079906], [0.004891446104614944, -0.004743613267266116, 0.9999767856746357, 0.08255417582589689], [0.0, 0.0, 0.0, 1.0]], 'NP1_rgb_distortion': [[0.0, 0.0, 0.0, 0.0, 0.0]]}
